=======Début heuristique=======
Ordre :  [ 5  7 12 10  0 14 13 15  8  2 18 10  1 16  6  8  0 17 10  4  9 14 16  0
 18  7  1 19 13 17  6  8  7 13 15  5 16  7  0 10  9  3 15 17  1  9  0 17
 14 11 16  1 13  8  4  0  3 10  4  6  7 16 17  8  1 15  6 11  7  8  4 18
  9 11  1 15 19 17  7  6 18 12 17  4 11 14 13  9  7  1  6 19  4 17 12 15
  4 16  1 14 11  7 18 13 19 17 16 12  8  2  3  9  1 18  0 11 19 18  8  7
  1 12 14  9 13 16 15 19  4  3 12 14  6  9  4  5 19 15  0  2 14 13  8 18
 12  4 10 18 16  2  0  8 14 13 18 13  6  9 15 12  0 10  5 17  9  3 11  5
 15  5  2 14  2 12  5  6 19 10  3  5  2 12 16 10  3  6 11  3  5 10  2 19
 11  3  5 19 11  3  2  2]
Durée :  1460
=======Fin heuristique=======

=======Début descente directe=======
Meilleur temps trouvé : 1409
Meilleur temps trouvé : 1408
